1301f07f
ef008007
b7170000
23860780
83470500
638c0700
37170000
13051500
2300f780
83470500
e39a07fe
67800000
130101ff
23261100
23248100
23229100
13040500
93071000
63eca700
8320c100
03248100
83244100
13010101
67800000
1305f5ff
eff0dffc
93040500
1305e4ff
eff01ffc
3385a400
6ff05ffd
130101fe
232e1100
232c8100
232a9100
23282101
23263101
1305c010
eff09ff7
b7170000
93876781
83a70700
1307a000
634af704
93890700
13041000
37190000
6352f002
13050400
eff0dff6
2322a980
13050014
eff01ff4
93070400
13041400
e392f9fe
13050000
8320c101
03248101
83244101
03290101
8329c100
13010102
67800000
1305c012
eff0dff0
6ff09ffd
486f7720
6d616e79
206e756d
62657273
20646f20
796f7520
77616e74
3f0a0000
536f7272
792c2074
6f6f206d
75636820
3a280a00
0a000000
04080000
00000000
00000000
00000000
00000000
00000000
00000000
00000000
00000000
00000000
00000000
00000000
00000000
00000000
00000000
00000000
00000000
00000000
00000000
00000000
00000000
00000000
00000000
00000000
00000000
00000000
00000000
00000000
00000000
00000000
00000000
00000000
00000000
00000000
00000000
00000000
00000000
00000000
00000000
00000000
00000000
00000000
00000000
00000000
00000000
00000000
00000000
00000000
00000000
00000000
00000000
00000000
00000000
00000000
00000000
00000000
00000000
00000000
00000000
00000000
00000000
00000000
00000000
00000000
00000000
00000000
00000000
00000000
00000000
00000000
00000000
00000000
00000000
00000000
00000000
