1301f07f
ef00c000
b7170000
23860780
130101fe
232e1100
232c8100
13040102
ef00400b
2326a4fe
13058000
ef00800d
93070500
2324f4fe
832784fe
0327c4fe
23a0e700
b7170000
93878780
032784fe
03270700
23a0e700
13050040
ef008008
032584fe
ef00400b
832784fe
37170000
13073791
23a0e700
b7170000
93878780
032784fe
03270700
23a0e700
13050040
ef004005
13058000
ef00c006
93070500
2324f4fe
b7170000
93878780
032784fe
23a0e700
13050040
ef00c002
93070000
13850700
8320c101
03248101
13010102
67800000
37150000
13056581
03250500
67800000
83470500
638c0700
37170000
13051500
2300f780
83470500
e39a07fe
67800000
b7170000
93870783
23a0a700
13050e00
67800000
b7170000
93874783
23a0a700
67800000
08080000
00000000
00000000
00000000
00000000
00000000
00000000
00000000
00000000
00000000
00000000
00000000
00000000
00000000
00000000
00000000
00000000
00000000
00000000
00000000
00000000
00000000
00000000
00000000
00000000
00000000
00000000
00000000
00000000
00000000
00000000
00000000
00000000
00000000
00000000
00000000
00000000
00000000
00000000
00000000
00000000
00000000
00000000
00000000
00000000
00000000
00000000
00000000
00000000
00000000
00000000
00000000
00000000
00000000
00000000
00000000
00000000
00000000
00000000
00000000
00000000
00000000
00000000
00000000
00000000
00000000
00000000
00000000
00000000
00000000
00000000
00000000
00000000
00000000
00000000
00000000
00000000
00000000
00000000
00000000
00000000
00000000
