1301f07f
ef000004
b7170000
23860780
83470500
638c0700
37170000
13051500
2300f780
83470500
e39a07fe
67800000
b7170000
93870783
23a0a700
13050e00
67800000
130101fe
232e1100
232c8100
232a9100
23282101
23263101
23244101
23225101
1305800d
eff09ffa
b7140000
93846481
03a90400
1305c00e
eff05ff9
83a40400
63562003
13040000
b7190000
938a0983
23a09a00
93070e00
23a4f980
1305400f
eff0dff6
13041400
e31424ff
13050000
8320c101
03248101
83244101
03290101
8329c100
032a8100
832a4100
13010102
67800000
486f7720
6d616e79
2074696d
65733f0a
00000000
53697a65
3f200a00
0a000000
08080000
00000000
00000000
00000000
00000000
00000000
00000000
00000000
00000000
00000000
00000000
00000000
00000000
00000000
00000000
00000000
00000000
00000000
00000000
00000000
00000000
00000000
00000000
00000000
00000000
00000000
00000000
00000000
00000000
00000000
00000000
00000000
00000000
00000000
00000000
00000000
00000000
00000000
00000000
00000000
00000000
00000000
00000000
00000000
00000000
00000000
00000000
00000000
00000000
00000000
00000000
00000000
00000000
00000000
00000000
00000000
00000000
00000000
00000000
00000000
00000000
00000000
00000000
00000000
00000000
00000000
00000000
00000000
00000000
00000000
00000000
00000000
00000000
00000000
00000000
00000000
00000000
00000000
00000000
00000000
00000000
00000000
00000000
00000000
00000000
00000000
00000000
00000000
00000000
00000000
00000000
00000000
00000000
00000000
